@relation .a/sonar/sonar
@attribute 0.0200 real [0.0015, 0.1371]
@attribute 0.0371 real [6.0E-4, 0.2339]
@attribute 0.0428 real [0.0015, 0.3059]
@attribute 0.0207 real [0.0058, 0.4264]
@attribute 0.0954 real [0.0067, 0.401]
@attribute 0.0986 real [0.0102, 0.3823]
@attribute 0.1539 real [0.0033, 0.3729]
@attribute 0.1601 real [0.0055, 0.459]
@attribute 0.3109 real [0.0075, 0.6828]
@attribute 0.2111 real [0.0113, 0.7106]
@attribute 0.1609 real [0.0289, 0.7342]
@attribute 0.1582 real [0.0236, 0.706]
@attribute 0.2238 real [0.0184, 0.7131]
@attribute 0.0645 real [0.0273, 0.997]
@attribute 0.0660 real [0.0031, 1.0]
@attribute 0.2273 real [0.0162, 0.9988]
@attribute 0.3100 real [0.0349, 1.0]
@attribute 0.2999 real [0.0375, 1.0]
@attribute 0.5078 real [0.0494, 1.0]
@attribute 0.4797 real [0.0656, 1.0]
@attribute 0.5783 real [0.0512, 1.0]
@attribute 0.5071 real [0.0219, 1.0]
@attribute 0.4328 real [0.0563, 1.0]
@attribute 0.5550 real [0.0239, 1.0]
@attribute 0.6711 real [0.024, 1.0]
@attribute 0.6415 real [0.0921, 1.0]
@attribute 0.7104 real [0.0481, 1.0]
@attribute 0.8080 real [0.0284, 1.0]
@attribute 0.6791 real [0.0144, 1.0]
@attribute 0.3857 real [0.0613, 1.0]
@attribute 0.1307 real [0.0482, 0.9657]
@attribute 0.2604 real [0.0404, 0.9306]
@attribute 0.5121 real [0.0477, 1.0]
@attribute 0.7547 real [0.0212, 0.9647]
@attribute 0.8537 real [0.0223, 1.0]
@attribute 0.8507 real [0.008, 1.0]
@attribute 0.6692 real [0.0351, 0.9497]
@attribute 0.6097 real [0.0383, 1.0]
@attribute 0.4943 real [0.0371, 0.9857]
@attribute 0.2744 real [0.0117, 0.9297]
@attribute 0.0510 real [0.036, 0.8995]
@attribute 0.2834 real [0.0056, 0.8246]
@attribute 0.2825 real [0.0, 0.7733]
@attribute 0.4256 real [0.0, 0.7762]
@attribute 0.2641 real [0.0, 0.7034]
@attribute 0.1386 real [0.0, 0.7292]
@attribute 0.1051 real [0.0, 0.5522]
@attribute 0.1343 real [0.0, 0.3339]
@attribute 0.0383 real [0.0, 0.1981]
@attribute 0.0324 real [0.0, 0.0825]
@attribute 0.0232 real [0.0, 0.1004]
@attribute 0.0027 real [8.0E-4, 0.0709]
@attribute 0.0065 real [5.0E-4, 0.039]
@attribute 0.0159 real [0.001, 0.0352]
@attribute 0.0072 real [6.0E-4, 0.0447]
@attribute 0.0167 real [4.0E-4, 0.0394]
@attribute 0.0180 real [3.0E-4, 0.0355]
@attribute 0.0084 real [3.0E-4, 0.044]
@attribute 0.0090 real [1.0E-4, 0.0364]
@attribute 0.0032 real [6.0E-4, 0.0439]
@attribute R {R, M}
@inputs 0.0200, 0.0371, 0.0428, 0.0207, 0.0954, 0.0986, 0.1539, 0.1601, 0.3109, 0.2111, 0.1609, 0.1582, 0.2238, 0.0645, 0.0660, 0.2273, 0.3100, 0.2999, 0.5078, 0.4797, 0.5783, 0.5071, 0.4328, 0.5550, 0.6711, 0.6415, 0.7104, 0.8080, 0.6791, 0.3857, 0.1307, 0.2604, 0.5121, 0.7547, 0.8537, 0.8507, 0.6692, 0.6097, 0.4943, 0.2744, 0.0510, 0.2834, 0.2825, 0.4256, 0.2641, 0.1386, 0.1051, 0.1343, 0.0383, 0.0324, 0.0232, 0.0027, 0.0065, 0.0159, 0.0072, 0.0167, 0.0180, 0.0084, 0.0090, 0.0032
@outputs R
@data
0.0519, 0.0548, 0.0842, 0.0319, 0.1158, 0.0922, 0.1027, 0.0613, 0.1465, 0.2838, 0.2802, 0.3086, 0.2657, 0.3801, 0.5626, 0.4376, 0.2617, 0.1199, 0.6676, 0.9402, 0.7832, 0.5352, 0.6809, 0.9174, 0.7613, 0.822, 0.8872, 0.6091, 0.2967, 0.1103, 0.1318, 0.0624, 0.099, 0.4006, 0.3666, 0.105, 0.1915, 0.393, 0.4288, 0.2546, 0.1151, 0.2196, 0.1879, 0.1437, 0.2146, 0.236, 0.1125, 0.0254, 0.0285, 0.0178, 0.0052, 0.0081, 0.012, 0.0045, 0.0121, 0.0097, 0.0085, 0.0047, 0.0048, 0.0053, R
0.0298, 0.0615, 0.065, 0.0921, 0.1615, 0.2294, 0.2176, 0.2033, 0.1459, 0.0852, 0.2476, 0.3645, 0.2777, 0.2826, 0.3237, 0.4335, 0.5638, 0.4555, 0.4348, 0.6433, 0.3932, 0.1989, 0.354, 0.9165, 0.9371, 0.462, 0.2771, 0.6613, 0.8028, 0.42, 0.5192, 0.6962, 0.5792, 0.8889, 0.7863, 0.7133, 0.7615, 0.4401, 0.3009, 0.3163, 0.2809, 0.2898, 0.0526, 0.1867, 0.1553, 0.1633, 0.1252, 0.0748, 0.0452, 0.0064, 0.0154, 0.0031, 0.0153, 0.0071, 0.0212, 0.0076, 0.0152, 0.0049, 0.02, 0.0073, R
0.024, 0.0218, 0.0324, 0.0569, 0.033, 0.0513, 0.0897, 0.0713, 0.0569, 0.0389, 0.1934, 0.2434, 0.2906, 0.2606, 0.3811, 0.4997, 0.3015, 0.3655, 0.6791, 0.7307, 0.5053, 0.4441, 0.6987, 0.8133, 0.7781, 0.8943, 0.8929, 0.8913, 0.861, 0.8063, 0.554, 0.2446, 0.3459, 0.1615, 0.2467, 0.5564, 0.4681, 0.0979, 0.1582, 0.0751, 0.3321, 0.3745, 0.2666, 0.1078, 0.1418, 0.1687, 0.0738, 0.0634, 0.0144, 0.0226, 0.0061, 0.0162, 0.0146, 0.0093, 0.0112, 0.0094, 0.0054, 0.0019, 0.0066, 0.0023, R
0.0206, 0.0132, 0.0533, 0.0569, 0.0647, 0.1432, 0.1344, 0.2041, 0.1571, 0.1573, 0.2327, 0.1785, 0.1507, 0.1916, 0.2061, 0.2307, 0.236, 0.1299, 0.3812, 0.5858, 0.4497, 0.4876, 1.0, 0.8675, 0.4718, 0.5341, 0.6197, 0.7143, 0.5605, 0.3728, 0.2481, 0.1921, 0.1386, 0.3325, 0.2883, 0.3228, 0.2607, 0.204, 0.2396, 0.1319, 0.0683, 0.0334, 0.0716, 0.0976, 0.0787, 0.0522, 0.05, 0.0231, 0.0221, 0.0144, 0.0307, 0.0386, 0.0147, 0.0018, 0.01, 0.0096, 0.0077, 0.018, 0.0109, 0.007, R
0.0257, 0.0447, 0.0388, 0.0239, 0.1315, 0.1323, 0.1608, 0.2145, 0.0847, 0.0561, 0.0891, 0.0861, 0.1531, 0.1524, 0.1849, 0.2871, 0.2009, 0.2748, 0.5017, 0.2172, 0.4978, 0.5265, 0.3647, 0.5768, 0.5161, 0.5715, 0.4006, 0.365, 0.6685, 0.8659, 0.8052, 0.4082, 0.3379, 0.5092, 0.6776, 0.7313, 0.6062, 0.704, 0.8849, 0.8979, 0.7751, 0.7247, 0.7733, 0.7762, 0.6009, 0.4514, 0.3096, 0.1859, 0.0956, 0.0206, 0.0206, 0.0096, 0.0153, 0.0096, 0.0131, 0.0198, 0.0025, 0.0199, 0.0255, 0.018, R
0.0408, 0.0653, 0.0397, 0.0604, 0.0496, 0.1817, 0.1178, 0.1024, 0.0583, 0.2176, 0.2459, 0.3332, 0.3087, 0.2613, 0.3232, 0.3731, 0.4203, 0.5364, 0.7062, 0.8196, 0.8835, 0.8299, 0.7609, 0.7605, 0.8367, 0.8905, 0.7652, 0.5897, 0.3037, 0.0823, 0.2787, 0.7241, 0.8032, 0.805, 0.7676, 0.7468, 0.6253, 0.173, 0.2916, 0.5003, 0.522, 0.4824, 0.4004, 0.3877, 0.1651, 0.0442, 0.0663, 0.0418, 0.0475, 0.0235, 0.0066, 0.0062, 0.0129, 0.0184, 0.0069, 0.0198, 0.0199, 0.0102, 0.007, 0.0055, R
0.0353, 0.0713, 0.0326, 0.0272, 0.037, 0.0792, 0.1083, 0.0687, 0.0298, 0.088, 0.1078, 0.0979, 0.225, 0.2819, 0.2099, 0.124, 0.1699, 0.0939, 0.1091, 0.141, 0.1268, 0.3151, 0.143, 0.2264, 0.5756, 0.7876, 0.7158, 0.5998, 0.5583, 0.6295, 0.7659, 0.894, 0.8436, 0.6807, 0.838, 1.0, 0.9497, 0.7866, 0.5647, 0.348, 0.2585, 0.2304, 0.2948, 0.3363, 0.3017, 0.2193, 0.1316, 0.1078, 0.0559, 0.0035, 0.0098, 0.0163, 0.0242, 0.0043, 0.0202, 0.0108, 0.0037, 0.0096, 0.0093, 0.0053, R
0.0086, 0.0215, 0.0242, 0.0445, 0.0667, 0.0771, 0.0499, 0.0906, 0.1229, 0.1185, 0.0775, 0.1101, 0.1042, 0.0853, 0.0456, 0.1304, 0.269, 0.2947, 0.3669, 0.4948, 0.6275, 0.8162, 0.9237, 0.871, 0.8052, 0.8756, 1.0, 0.9858, 0.9427, 0.8114, 0.6987, 0.681, 0.6591, 0.6954, 0.729, 0.668, 0.5917, 0.4899, 0.3439, 0.2366, 0.1716, 0.1013, 0.0766, 0.0845, 0.026, 0.0333, 0.0205, 0.0309, 0.0101, 0.0095, 0.0047, 0.0072, 0.0054, 0.0022, 0.0016, 0.0029, 0.0058, 0.005, 0.0024, 0.003, R
0.0036, 0.0078, 0.0092, 0.0387, 0.053, 0.1197, 0.1243, 0.1026, 0.1239, 0.0888, 0.0937, 0.1245, 0.1599, 0.1542, 0.1846, 0.1732, 0.1477, 0.1748, 0.1455, 0.1579, 0.2257, 0.1975, 0.3368, 0.5828, 0.8505, 1.0, 0.8457, 0.6624, 0.5564, 0.3925, 0.3233, 0.2054, 0.192, 0.2227, 0.3147, 0.2268, 0.0795, 0.0748, 0.1166, 0.1969, 0.2619, 0.2507, 0.1983, 0.0948, 0.0931, 0.0965, 0.0381, 0.0435, 0.0336, 0.0055, 0.0079, 0.0119, 0.0055, 0.0035, 0.0036, 4.0E-4, 0.0018, 0.0049, 0.0024, 0.0016, R
0.0188, 0.037, 0.0953, 0.0824, 0.0249, 0.0488, 0.1424, 0.1972, 0.1873, 0.1806, 0.2139, 0.1523, 0.1975, 0.4844, 0.7298, 0.7807, 0.7906, 0.6122, 0.42, 0.2807, 0.5148, 0.7569, 0.8596, 1.0, 0.8457, 0.6797, 0.6971, 0.5843, 0.4772, 0.5201, 0.4241, 0.1592, 0.1668, 0.0588, 0.3967, 0.7147, 0.7319, 0.3509, 0.0589, 0.269, 0.42, 0.3874, 0.244, 0.2, 0.2307, 0.1886, 0.196, 0.1701, 0.1366, 0.0398, 0.0143, 0.0093, 0.0033, 0.0113, 0.003, 0.0057, 0.009, 0.0057, 0.0068, 0.0024, R
0.0335, 0.0134, 0.0696, 0.118, 0.0348, 0.118, 0.1948, 0.1607, 0.3036, 0.4372, 0.5533, 0.5771, 0.7022, 0.7067, 0.7367, 0.7391, 0.8622, 0.9458, 0.8782, 0.7913, 0.576, 0.3061, 0.0563, 0.0239, 0.2554, 0.4862, 0.5027, 0.4402, 0.2847, 0.1797, 0.356, 0.3522, 0.3321, 0.3112, 0.3638, 0.0754, 0.1834, 0.182, 0.1815, 0.1593, 0.0576, 0.0954, 0.1086, 0.0812, 0.0784, 0.0487, 0.0439, 0.0586, 0.037, 0.0185, 0.0302, 0.0244, 0.0232, 0.0093, 0.0159, 0.0193, 0.0032, 0.0377, 0.0126, 0.0156, M
0.0599, 0.0474, 0.0498, 0.0387, 0.1026, 0.0773, 0.0853, 0.0447, 0.1094, 0.0351, 0.1582, 0.2023, 0.2268, 0.2829, 0.3819, 0.4665, 0.6687, 0.8647, 0.9361, 0.9367, 0.9144, 0.9162, 0.9311, 0.8604, 0.7327, 0.5763, 0.4162, 0.4113, 0.4146, 0.3149, 0.2936, 0.3169, 0.3149, 0.4132, 0.3994, 0.4195, 0.4532, 0.4419, 0.4737, 0.3431, 0.3194, 0.337, 0.2493, 0.265, 0.1748, 0.0932, 0.053, 0.0081, 0.0342, 0.0137, 0.0028, 0.0013, 5.0E-4, 0.0227, 0.0209, 0.0081, 0.0117, 0.0114, 0.0112, 0.01, M
0.0094, 0.0333, 0.0306, 0.0376, 0.1296, 0.1795, 0.1909, 0.1692, 0.187, 0.1725, 0.2228, 0.3106, 0.4144, 0.5157, 0.5369, 0.5107, 0.6441, 0.7326, 0.8164, 0.8856, 0.9891, 1.0, 0.875, 0.8631, 0.9074, 0.8674, 0.775, 0.66, 0.5615, 0.4016, 0.2331, 0.1164, 0.1095, 0.0431, 0.0619, 0.1956, 0.212, 0.3242, 0.4102, 0.2939, 0.1911, 0.1702, 0.101, 0.1512, 0.1427, 0.1097, 0.1173, 0.0972, 0.0703, 0.0281, 0.0216, 0.0153, 0.0112, 0.0241, 0.0164, 0.0055, 0.0078, 0.0055, 0.0091, 0.0067, M
0.0388, 0.0324, 0.0688, 0.0898, 0.1267, 0.1515, 0.2134, 0.2613, 0.2832, 0.2718, 0.3645, 0.3934, 0.3843, 0.4677, 0.5364, 0.4823, 0.4835, 0.5862, 0.7579, 0.6997, 0.6918, 0.8633, 0.9107, 0.9346, 0.7884, 0.8585, 0.9261, 0.708, 0.5779, 0.5215, 0.4505, 0.3129, 0.1448, 0.1046, 0.182, 0.1519, 0.1017, 0.1438, 0.1986, 0.2039, 0.2778, 0.2879, 0.1331, 0.114, 0.131, 0.1433, 0.0624, 0.01, 0.0098, 0.0131, 0.0152, 0.0255, 0.0071, 0.0263, 0.0079, 0.0111, 0.0107, 0.0068, 0.0097, 0.0067, M
0.0209, 0.0261, 0.012, 0.0768, 0.1064, 0.168, 0.3016, 0.346, 0.3314, 0.4125, 0.3943, 0.1334, 0.4622, 0.997, 0.9137, 0.8292, 0.6994, 0.7825, 0.8789, 0.8501, 0.892, 0.9473, 1.0, 0.8975, 0.7806, 0.8321, 0.6502, 0.4548, 0.4732, 0.3391, 0.2747, 0.0978, 0.0477, 0.1403, 0.1834, 0.2148, 0.1271, 0.1912, 0.3391, 0.3444, 0.2369, 0.1195, 0.2665, 0.2587, 0.1393, 0.1083, 0.1383, 0.1321, 0.1069, 0.0325, 0.0316, 0.0057, 0.0159, 0.0085, 0.0372, 0.0101, 0.0127, 0.0288, 0.0129, 0.0023, M
0.1083, 0.107, 0.0257, 0.0837, 0.0748, 0.1125, 0.3322, 0.459, 0.5526, 0.5966, 0.5304, 0.2251, 0.2402, 0.2689, 0.6646, 0.6632, 0.1674, 0.0837, 0.4331, 0.8718, 0.7992, 0.3712, 0.1703, 0.1611, 0.2086, 0.2847, 0.2211, 0.6134, 0.5807, 0.6925, 0.3825, 0.4303, 0.7791, 0.8703, 1.0, 0.9212, 0.9386, 0.9303, 0.7314, 0.4791, 0.2087, 0.2016, 0.1669, 0.2872, 0.4374, 0.3097, 0.1578, 0.0553, 0.0334, 0.0209, 0.0172, 0.018, 0.011, 0.0234, 0.0276, 0.0032, 0.0084, 0.0122, 0.0082, 0.0143, M
0.0707, 0.1252, 0.1447, 0.1644, 0.1693, 0.0844, 0.0715, 0.0947, 0.1583, 0.1247, 0.234, 0.1764, 0.2284, 0.3115, 0.4725, 0.5543, 0.5386, 0.3746, 0.4583, 0.5961, 0.7464, 0.7644, 0.5711, 0.6257, 0.6695, 0.7131, 0.7567, 0.8077, 0.8477, 0.9289, 0.9513, 0.7995, 0.4362, 0.4048, 0.4952, 0.1712, 0.3652, 0.3763, 0.2841, 0.0427, 0.5331, 0.6952, 0.4288, 0.3063, 0.5835, 0.5692, 0.263, 0.1196, 0.0983, 0.0374, 0.0291, 0.0156, 0.0197, 0.0135, 0.0127, 0.0138, 0.0133, 0.0131, 0.0154, 0.0218, M
0.0107, 0.0453, 0.0289, 0.0713, 0.1075, 0.1019, 0.1606, 0.2119, 0.3061, 0.2936, 0.3104, 0.3431, 0.2456, 0.1887, 0.1184, 0.208, 0.2736, 0.3274, 0.2344, 0.126, 0.0576, 0.1241, 0.3239, 0.4357, 0.5734, 0.7825, 0.9252, 0.9349, 0.9348, 1.0, 0.9308, 0.8478, 0.7605, 0.704, 0.7539, 0.799, 0.7673, 0.5955, 0.4731, 0.484, 0.434, 0.3954, 0.4837, 0.5379, 0.4485, 0.2674, 0.1541, 0.1359, 0.0941, 0.0261, 0.0079, 0.0164, 0.012, 0.0113, 0.0021, 0.0097, 0.0072, 0.006, 0.0017, 0.0036, M
0.0305, 0.0363, 0.0214, 0.0227, 0.0456, 0.0665, 0.0939, 0.0972, 0.2535, 0.3127, 0.2192, 0.2621, 0.2419, 0.2179, 0.1159, 0.1237, 0.0886, 0.1755, 0.1758, 0.154, 0.0512, 0.1805, 0.4039, 0.5697, 0.6577, 0.7474, 0.8543, 0.9085, 0.8668, 0.8892, 0.9065, 0.8522, 0.7204, 0.62, 0.6253, 0.6848, 0.7337, 0.6281, 0.5725, 0.6119, 0.5597, 0.4965, 0.5027, 0.5772, 0.5907, 0.4803, 0.3877, 0.2779, 0.1427, 0.0424, 0.0271, 0.02, 0.007, 0.007, 0.0086, 0.0089, 0.0074, 0.0042, 0.0055, 0.0021, M
0.0129, 0.0141, 0.0309, 0.0375, 0.0767, 0.0787, 0.0662, 0.1108, 0.1777, 0.2245, 0.2431, 0.3134, 0.3206, 0.2917, 0.2249, 0.2347, 0.2143, 0.2939, 0.4898, 0.6127, 0.7531, 0.7718, 0.7432, 0.8673, 0.9308, 0.9836, 1.0, 0.9595, 0.8722, 0.6862, 0.4901, 0.328, 0.3115, 0.1969, 0.1019, 0.0317, 0.0756, 0.0907, 0.1066, 0.138, 0.0665, 0.1475, 0.247, 0.2788, 0.2709, 0.2283, 0.1818, 0.1185, 0.0546, 0.0219, 0.0204, 0.0124, 0.0093, 0.0072, 0.0019, 0.0027, 0.0054, 0.0017, 0.0024, 0.0029, M
0.0366, 0.0421, 0.0504, 0.025, 0.0596, 0.0252, 0.0958, 0.0991, 0.1419, 0.1847, 0.2222, 0.2648, 0.2508, 0.2291, 0.1555, 0.1863, 0.2387, 0.3345, 0.5233, 0.6684, 0.7766, 0.7928, 0.794, 0.9129, 0.9498, 0.9835, 1.0, 0.9471, 0.8237, 0.6252, 0.4181, 0.3209, 0.2658, 0.2196, 0.1588, 0.0561, 0.0948, 0.17, 0.1215, 0.1282, 0.0386, 0.1329, 0.2331, 0.2468, 0.196, 0.1985, 0.157, 0.0921, 0.0549, 0.0194, 0.0166, 0.0132, 0.0027, 0.0022, 0.0059, 0.0016, 0.0025, 0.0017, 0.0027, 0.0027, M
