@relation .a/sonar/sonar
@attribute 0.0200 real [0.0015, 0.1371]
@attribute 0.0371 real [6.0E-4, 0.2339]
@attribute 0.0428 real [0.0015, 0.3059]
@attribute 0.0207 real [0.0058, 0.4264]
@attribute 0.0954 real [0.0067, 0.401]
@attribute 0.0986 real [0.0102, 0.3823]
@attribute 0.1539 real [0.0033, 0.3729]
@attribute 0.1601 real [0.0055, 0.459]
@attribute 0.3109 real [0.0075, 0.6828]
@attribute 0.2111 real [0.0113, 0.7106]
@attribute 0.1609 real [0.0289, 0.7342]
@attribute 0.1582 real [0.0236, 0.706]
@attribute 0.2238 real [0.0184, 0.7131]
@attribute 0.0645 real [0.0273, 0.997]
@attribute 0.0660 real [0.0031, 1.0]
@attribute 0.2273 real [0.0162, 0.9988]
@attribute 0.3100 real [0.0349, 1.0]
@attribute 0.2999 real [0.0375, 1.0]
@attribute 0.5078 real [0.0494, 1.0]
@attribute 0.4797 real [0.0656, 1.0]
@attribute 0.5783 real [0.0512, 1.0]
@attribute 0.5071 real [0.0219, 1.0]
@attribute 0.4328 real [0.0563, 1.0]
@attribute 0.5550 real [0.0239, 1.0]
@attribute 0.6711 real [0.024, 1.0]
@attribute 0.6415 real [0.0921, 1.0]
@attribute 0.7104 real [0.0481, 1.0]
@attribute 0.8080 real [0.0284, 1.0]
@attribute 0.6791 real [0.0144, 1.0]
@attribute 0.3857 real [0.0613, 1.0]
@attribute 0.1307 real [0.0482, 0.9657]
@attribute 0.2604 real [0.0404, 0.9306]
@attribute 0.5121 real [0.0477, 1.0]
@attribute 0.7547 real [0.0212, 0.9647]
@attribute 0.8537 real [0.0223, 1.0]
@attribute 0.8507 real [0.008, 1.0]
@attribute 0.6692 real [0.0351, 0.9497]
@attribute 0.6097 real [0.0383, 1.0]
@attribute 0.4943 real [0.0371, 0.9857]
@attribute 0.2744 real [0.0117, 0.9297]
@attribute 0.0510 real [0.036, 0.8995]
@attribute 0.2834 real [0.0056, 0.8246]
@attribute 0.2825 real [0.0, 0.7733]
@attribute 0.4256 real [0.0, 0.7762]
@attribute 0.2641 real [0.0, 0.7034]
@attribute 0.1386 real [0.0, 0.7292]
@attribute 0.1051 real [0.0, 0.5522]
@attribute 0.1343 real [0.0, 0.3339]
@attribute 0.0383 real [0.0, 0.1981]
@attribute 0.0324 real [0.0, 0.0825]
@attribute 0.0232 real [0.0, 0.1004]
@attribute 0.0027 real [8.0E-4, 0.0709]
@attribute 0.0065 real [5.0E-4, 0.039]
@attribute 0.0159 real [0.001, 0.0352]
@attribute 0.0072 real [6.0E-4, 0.0447]
@attribute 0.0167 real [4.0E-4, 0.0394]
@attribute 0.0180 real [3.0E-4, 0.0355]
@attribute 0.0084 real [3.0E-4, 0.044]
@attribute 0.0090 real [1.0E-4, 0.0364]
@attribute 0.0032 real [6.0E-4, 0.0439]
@attribute R {R, M}
@data
0.0223,0.0375,0.0484,0.0475,0.0647,0.0591,0.0753,0.0098,0.0684,0.1487,0.1156,0.1654,0.3833,0.3598,0.1713,0.1136,0.0349,0.3796,0.7401,0.9925,0.9802,0.889,0.6712,0.4286,0.3374,0.7366,0.9611,0.7353,0.4856,0.1594,0.3007,0.4096,0.317,0.3305,0.3408,0.2186,0.2463,0.2726,0.168,0.2792,0.2558,0.174,0.2121,0.1099,0.0985,0.1271,0.1459,0.1164,0.0777,0.0439,0.0061,0.0145,0.0128,0.0145,0.0058,0.0049,0.0065,0.0093,0.0059,0.0022,R
0.0164,0.0173,0.0347,0.007,0.0187,0.0671,0.1056,0.0697,0.0962,0.0251,0.0801,0.1056,0.1266,0.089,0.0198,0.1133,0.2826,0.3234,0.3238,0.4333,0.6068,0.7652,0.9203,0.9719,0.9207,0.7545,0.8289,0.8907,0.7309,0.6896,0.5829,0.4935,0.3101,0.0306,0.0244,0.1108,0.1594,0.1371,0.0696,0.0452,0.062,0.1421,0.1597,0.1384,0.0372,0.0688,0.0867,0.0513,0.0092,0.0198,0.0118,0.009,0.0223,0.0179,0.0084,0.0068,0.0032,0.0035,0.0056,0.004,R
0.0039,0.0063,0.0152,0.0336,0.031,0.0284,0.0396,0.0272,0.0323,0.0452,0.0492,0.0996,0.1424,0.1194,0.0628,0.0907,0.1177,0.1429,0.1223,0.1104,0.1847,0.3715,0.4382,0.5707,0.6654,0.7476,0.7654,0.8555,0.972,0.9221,0.7502,0.7209,0.7757,0.6055,0.5021,0.4499,0.3947,0.4281,0.4427,0.3749,0.1972,0.0511,0.0793,0.1269,0.1533,0.069,0.0402,0.0534,0.0228,0.0073,0.0062,0.0062,0.012,0.0052,0.0056,0.0093,0.0042,3.0E-4,0.0053,0.0036,R
0.0091,0.0213,0.0206,0.0505,0.0657,0.0795,0.097,0.0872,0.0743,0.0837,0.1579,0.0898,0.0309,0.1856,0.2969,0.2032,0.1264,0.1655,0.1661,0.2091,0.231,0.446,0.6634,0.6933,0.7663,0.8206,0.7049,0.756,0.7466,0.6387,0.4846,0.3328,0.5356,0.8741,0.8573,0.6718,0.3446,0.315,0.2702,0.2598,0.2742,0.3594,0.4382,0.246,0.0758,0.0187,0.0797,0.0748,0.0367,0.0155,0.03,0.0112,0.0112,0.0102,0.0026,0.0097,0.0098,0.0043,0.0071,0.0108,R
0.0093,0.0269,0.0217,0.0339,0.0305,0.1172,0.145,0.0638,0.074,0.136,0.2132,0.3738,0.3738,0.2673,0.2333,0.5367,0.7312,0.7659,0.6271,0.4395,0.433,0.4326,0.5544,0.736,0.8589,0.8989,0.942,0.9401,0.9379,0.8575,0.7284,0.67,0.7547,0.8773,0.9919,0.9922,0.9419,0.8388,0.6605,0.4816,0.2917,0.1769,0.1136,0.0701,0.1578,0.1938,0.1106,0.0693,0.0176,0.0205,0.0309,0.0212,0.0091,0.0056,0.0086,0.0092,0.007,0.0116,0.006,0.011,R
0.0201,0.0116,0.0123,0.0245,0.0547,0.0208,0.0891,0.0836,0.1335,0.1199,0.1742,0.1387,0.2042,0.258,0.2616,0.2097,0.2532,0.3213,0.4327,0.476,0.5328,0.6057,0.6696,0.7476,0.893,0.9405,1.0,0.9785,0.8473,0.7639,0.6701,0.4989,0.3718,0.2196,0.1416,0.268,0.263,0.3104,0.3392,0.2123,0.117,0.2655,0.2203,0.1541,0.1464,0.1044,0.1225,0.0745,0.049,0.0224,0.0032,0.0076,0.0045,0.0056,0.0075,0.0037,0.0045,0.0029,8.0E-4,0.0018,R
0.0195,0.0142,0.0181,0.0406,0.0391,0.0249,0.0892,0.0973,0.084,0.1191,0.1522,0.1322,0.1434,0.1244,0.0653,0.089,0.1226,0.1846,0.388,0.3658,0.2297,0.261,0.4193,0.5848,0.5643,0.5448,0.4772,0.6897,0.9797,1.0,0.9546,0.8835,0.7662,0.6547,0.5447,0.4593,0.4679,0.1987,0.0699,0.1493,0.1713,0.1654,0.26,0.3846,0.3754,0.2414,0.1077,0.0224,0.0155,0.0187,0.0125,0.0028,0.0067,0.012,0.0012,0.0022,0.0058,0.0042,0.0067,0.0012,R
0.0202,0.0104,0.0325,0.0239,0.0807,0.1529,0.1154,0.0608,0.1317,0.137,0.0843,0.0269,0.1254,0.3046,0.5584,0.7973,0.8341,0.8057,0.8616,0.8769,0.9413,0.9403,0.9409,1.0,0.9725,0.9309,0.9351,0.7317,0.4421,0.3244,0.4161,0.4611,0.4031,0.3,0.2459,0.1348,0.2541,0.2255,0.1598,0.1485,0.0845,0.0569,0.0855,0.1262,0.1153,0.057,0.0426,0.0425,0.0235,6.0E-4,0.0188,0.0127,0.0081,0.0067,0.0043,0.0065,0.0049,0.0054,0.0073,0.0054,R
0.026,0.0192,0.0254,0.0061,0.0352,0.0701,0.1263,0.108,0.1523,0.163,0.103,0.2187,0.1542,0.263,0.294,0.2978,0.0699,0.1401,0.299,0.3915,0.3598,0.2403,0.4208,0.5675,0.6094,0.6323,0.6549,0.7673,1.0,0.8463,0.5509,0.4444,0.5169,0.4268,0.1802,0.0791,0.0535,0.1906,0.2561,0.2153,0.2769,0.2841,0.1733,0.0815,0.0335,0.0933,0.1018,0.0309,0.0208,0.0318,0.0132,0.0118,0.012,0.0051,0.007,0.0015,0.0035,8.0E-4,0.0044,0.0077,R
0.0114,0.0222,0.0269,0.0384,0.1217,0.2062,0.1489,0.0929,0.135,0.1799,0.2486,0.2973,0.3672,0.4394,0.5258,0.6755,0.7402,0.8284,0.9033,0.9584,1.0,0.9982,0.8899,0.7493,0.6367,0.6744,0.7207,0.6821,0.5512,0.4789,0.3924,0.2533,0.1089,0.139,0.2551,0.3301,0.2818,0.2142,0.2266,0.2142,0.2354,0.2871,0.2596,0.1925,0.1256,0.1003,0.0951,0.121,0.0728,0.0174,0.0213,0.0269,0.0152,0.0257,0.0097,0.0041,0.005,0.0145,0.0103,0.0025,M
0.0228,0.0106,0.013,0.0842,0.1117,0.1506,0.1776,0.0997,0.1428,0.2227,0.2621,0.3109,0.2859,0.3316,0.3755,0.4499,0.4765,0.6254,0.7304,0.8702,0.9349,0.9614,0.9126,0.9443,1.0,0.9455,0.8815,0.752,0.7068,0.5986,0.3857,0.251,0.2162,0.0968,0.1323,0.1344,0.225,0.3244,0.3939,0.3806,0.3258,0.3654,0.2983,0.1779,0.1535,0.1199,0.0959,0.0765,0.0649,0.0313,0.0185,0.0098,0.0178,0.0077,0.0074,0.0095,0.0055,0.0045,0.0063,0.0039,M
0.0712,0.0901,0.1276,0.1497,0.1284,0.1165,0.1285,0.1684,0.183,0.2127,0.2891,0.3985,0.4576,0.5821,0.5027,0.193,0.2579,0.3177,0.2745,0.6186,0.8958,0.7442,0.5188,0.2811,0.1773,0.6607,0.7576,0.5122,0.4701,0.5479,0.4347,0.1276,0.0846,0.0927,0.0313,0.0998,0.1781,0.1586,0.3001,0.2208,0.1455,0.2895,0.3203,0.1414,0.0629,0.0734,0.0805,0.0608,0.0565,0.0286,0.0154,0.0154,0.0156,0.0054,0.003,0.0048,0.0087,0.0101,0.0095,0.0068,M
0.0207,0.0535,0.0334,0.0818,0.074,0.0324,0.0918,0.107,0.1553,0.1234,0.1796,0.1787,0.1247,0.2577,0.337,0.399,0.1647,0.2266,0.3219,0.5356,0.8159,1.0,0.8701,0.6889,0.6299,0.5738,0.5707,0.5976,0.4301,0.2058,0.1,0.2247,0.2308,0.3977,0.3317,0.1726,0.1429,0.2168,0.1967,0.214,0.3674,0.2023,0.0778,0.0925,0.2388,0.34,0.2594,0.1102,0.0911,0.0462,0.0171,0.0033,0.005,0.019,0.0103,0.0121,0.0042,0.009,0.007,0.0099,M
0.0201,0.0178,0.0274,0.0232,0.0724,0.0833,0.1232,0.1298,0.2085,0.272,0.2188,0.3037,0.2959,0.2059,0.0906,0.161,0.18,0.218,0.2026,0.1506,0.0521,0.2143,0.4333,0.5943,0.6926,0.7576,0.8787,0.906,0.8528,0.9087,0.9657,0.9306,0.7774,0.6643,0.6604,0.6884,0.6938,0.5932,0.5774,0.6223,0.5841,0.4527,0.4911,0.5762,0.5013,0.4042,0.3123,0.2232,0.1085,0.0414,0.0253,0.0131,0.0049,0.0104,0.0102,0.0092,0.0083,0.002,0.0048,0.0036,M
0.0294,0.0123,0.0117,0.0113,0.0497,0.0998,0.1326,0.1117,0.2984,0.3473,0.4231,0.5044,0.5237,0.4398,0.3236,0.2956,0.3286,0.3231,0.4528,0.6339,0.7044,0.8314,0.8449,0.8512,0.9138,0.9985,1.0,0.7544,0.4661,0.3924,0.3849,0.4674,0.4245,0.3095,0.0752,0.2885,0.4072,0.317,0.2863,0.2634,0.0541,0.1874,0.3459,0.4646,0.4366,0.2581,0.1319,0.0505,0.0112,0.0059,0.0041,0.0056,0.0104,0.0079,0.0014,0.0054,0.0015,6.0E-4,0.0081,0.0043,M
0.0201,0.0165,0.0344,0.033,0.0397,0.0443,0.0684,0.0903,0.1739,0.2571,0.2931,0.3108,0.3603,0.3002,0.2718,0.2007,0.1801,0.2234,0.3568,0.5492,0.7209,0.8318,0.8864,0.952,0.9637,1.0,0.9673,0.8664,0.7896,0.6345,0.5351,0.4056,0.2563,0.2894,0.3588,0.4296,0.4773,0.4516,0.3765,0.3051,0.1921,0.1184,0.1984,0.157,0.066,0.1294,0.0797,0.0052,0.0233,0.0152,0.0125,0.0054,0.0057,0.0137,0.0109,0.0035,0.0056,0.0105,0.0082,0.0036,M
0.0197,0.0394,0.0384,0.0076,0.0251,0.0629,0.0747,0.0578,0.1357,0.1695,0.1734,0.247,0.3141,0.3297,0.2759,0.2056,0.1162,0.1884,0.339,0.3926,0.4282,0.5418,0.6448,0.7223,0.7853,0.7984,0.8847,0.9582,0.899,0.6831,0.6108,0.548,0.5058,0.4476,0.2401,0.1405,0.1772,0.1742,0.3326,0.4021,0.3009,0.2075,0.1206,0.0255,0.0298,0.0691,0.0781,0.0777,0.0369,0.0057,0.0091,0.0134,0.0097,0.0042,0.0058,0.0072,0.0041,0.0045,0.0047,0.0054,M
0.0423,0.0321,0.0709,0.0108,0.107,0.0973,0.0961,0.1323,0.2462,0.2696,0.3412,0.4292,0.3682,0.394,0.2965,0.3172,0.2825,0.305,0.2408,0.542,0.6802,0.632,0.5824,0.6805,0.5984,0.8412,0.9911,0.9187,0.8005,0.6713,0.5632,0.7332,0.6038,0.2575,0.0349,0.1799,0.3039,0.476,0.5756,0.4254,0.5046,0.7179,0.6163,0.5663,0.5749,0.3593,0.2526,0.2299,0.1271,0.0356,0.0367,0.0176,0.0035,0.0093,0.0121,0.0075,0.0056,0.0021,0.0043,0.0017,M
0.0156,0.021,0.0282,0.0596,0.0462,0.0779,0.1365,0.078,0.1038,0.1567,0.2476,0.2783,0.2896,0.2956,0.3189,0.1892,0.173,0.2226,0.2427,0.3149,0.4102,0.3808,0.4896,0.6292,0.7519,0.7985,0.883,0.9915,0.9223,0.6981,0.6167,0.5069,0.3921,0.3524,0.2183,0.1245,0.1592,0.1626,0.2356,0.2483,0.2437,0.2715,0.1184,0.1157,0.1449,0.1883,0.1954,0.1492,0.0511,0.0155,0.0189,0.015,0.006,0.0082,0.0091,0.0038,0.0056,0.0056,0.0048,0.0024,M
0.0203,0.0121,0.038,0.0128,0.0537,0.0874,0.1021,0.0852,0.1136,0.1747,0.2198,0.2721,0.2105,0.1727,0.204,0.1786,0.1318,0.226,0.2358,0.3107,0.3906,0.3631,0.4809,0.6531,0.7812,0.8395,0.918,0.9769,0.8937,0.7022,0.65,0.5069,0.3903,0.3009,0.1565,0.0985,0.22,0.2243,0.2736,0.2152,0.2438,0.3154,0.2112,0.0991,0.0594,0.194,0.1937,0.1082,0.0336,0.0177,0.0209,0.0134,0.0094,0.0047,0.0045,0.0042,0.0028,0.0036,0.0013,0.0016,M
