@relation .a/sonar/sonar
@attribute 0.0200 real [0.0015, 0.1371]
@attribute 0.0371 real [6.0E-4, 0.2339]
@attribute 0.0428 real [0.0015, 0.3059]
@attribute 0.0207 real [0.0058, 0.4264]
@attribute 0.0954 real [0.0067, 0.401]
@attribute 0.0986 real [0.0102, 0.3823]
@attribute 0.1539 real [0.0033, 0.3729]
@attribute 0.1601 real [0.0055, 0.459]
@attribute 0.3109 real [0.0075, 0.6828]
@attribute 0.2111 real [0.0113, 0.7106]
@attribute 0.1609 real [0.0289, 0.7342]
@attribute 0.1582 real [0.0236, 0.706]
@attribute 0.2238 real [0.0184, 0.7131]
@attribute 0.0645 real [0.0273, 0.997]
@attribute 0.0660 real [0.0031, 1.0]
@attribute 0.2273 real [0.0162, 0.9988]
@attribute 0.3100 real [0.0349, 1.0]
@attribute 0.2999 real [0.0375, 1.0]
@attribute 0.5078 real [0.0494, 1.0]
@attribute 0.4797 real [0.0656, 1.0]
@attribute 0.5783 real [0.0512, 1.0]
@attribute 0.5071 real [0.0219, 1.0]
@attribute 0.4328 real [0.0563, 1.0]
@attribute 0.5550 real [0.0239, 1.0]
@attribute 0.6711 real [0.024, 1.0]
@attribute 0.6415 real [0.0921, 1.0]
@attribute 0.7104 real [0.0481, 1.0]
@attribute 0.8080 real [0.0284, 1.0]
@attribute 0.6791 real [0.0144, 1.0]
@attribute 0.3857 real [0.0613, 1.0]
@attribute 0.1307 real [0.0482, 0.9657]
@attribute 0.2604 real [0.0404, 0.9306]
@attribute 0.5121 real [0.0477, 1.0]
@attribute 0.7547 real [0.0212, 0.9647]
@attribute 0.8537 real [0.0223, 1.0]
@attribute 0.8507 real [0.008, 1.0]
@attribute 0.6692 real [0.0351, 0.9497]
@attribute 0.6097 real [0.0383, 1.0]
@attribute 0.4943 real [0.0371, 0.9857]
@attribute 0.2744 real [0.0117, 0.9297]
@attribute 0.0510 real [0.036, 0.8995]
@attribute 0.2834 real [0.0056, 0.8246]
@attribute 0.2825 real [0.0, 0.7733]
@attribute 0.4256 real [0.0, 0.7762]
@attribute 0.2641 real [0.0, 0.7034]
@attribute 0.1386 real [0.0, 0.7292]
@attribute 0.1051 real [0.0, 0.5522]
@attribute 0.1343 real [0.0, 0.3339]
@attribute 0.0383 real [0.0, 0.1981]
@attribute 0.0324 real [0.0, 0.0825]
@attribute 0.0232 real [0.0, 0.1004]
@attribute 0.0027 real [8.0E-4, 0.0709]
@attribute 0.0065 real [5.0E-4, 0.039]
@attribute 0.0159 real [0.001, 0.0352]
@attribute 0.0072 real [6.0E-4, 0.0447]
@attribute 0.0167 real [4.0E-4, 0.0394]
@attribute 0.0180 real [3.0E-4, 0.0355]
@attribute 0.0084 real [3.0E-4, 0.044]
@attribute 0.0090 real [1.0E-4, 0.0364]
@attribute 0.0032 real [6.0E-4, 0.0439]
@attribute R {R, M}
@data
0.01,0.0171,0.0623,0.0205,0.0205,0.0368,0.1098,0.1276,0.0598,0.1264,0.0881,0.1992,0.0184,0.2261,0.1729,0.2131,0.0693,0.2281,0.406,0.3973,0.2741,0.369,0.5556,0.4846,0.314,0.5334,0.5256,0.252,0.209,0.3559,0.626,0.734,0.612,0.3497,0.3953,0.3012,0.5408,0.8814,0.9857,0.9167,0.6121,0.5006,0.321,0.3202,0.4295,0.3654,0.2655,0.1576,0.0681,0.0294,0.0241,0.0121,0.0036,0.015,0.0085,0.0073,0.005,0.0044,0.004,0.0117,R
0.0317,0.0956,0.1321,0.1408,0.1674,0.171,0.0731,0.1401,0.2083,0.3513,0.1786,0.0658,0.0513,0.3752,0.5419,0.544,0.515,0.4262,0.2024,0.4233,0.7723,0.9735,0.939,0.5559,0.5268,0.6826,0.5713,0.5429,0.2177,0.2149,0.5811,0.6323,0.2965,0.1873,0.2969,0.5163,0.6153,0.4283,0.5479,0.6133,0.5017,0.2377,0.1957,0.1749,0.1304,0.0597,0.1124,0.1047,0.0507,0.0159,0.0195,0.0201,0.0248,0.0131,0.007,0.0138,0.0092,0.0143,0.0036,0.0103,R
0.0124,0.0433,0.0604,0.0449,0.0597,0.0355,0.0531,0.0343,0.1052,0.212,0.164,0.1901,0.3026,0.2019,0.0592,0.239,0.3657,0.3809,0.5929,0.6299,0.5801,0.4574,0.4449,0.3691,0.6446,0.894,0.8978,0.498,0.3333,0.235,0.1553,0.3666,0.434,0.3082,0.3024,0.4109,0.5501,0.4129,0.5499,0.5018,0.3132,0.2802,0.2351,0.2298,0.1155,0.0724,0.0621,0.0318,0.045,0.0167,0.0078,0.0083,0.0057,0.0174,0.0188,0.0054,0.0114,0.0196,0.0147,0.0062,R
0.0352,0.0116,0.0191,0.0469,0.0737,0.1185,0.1683,0.1541,0.1466,0.2912,0.2328,0.2237,0.247,0.156,0.3491,0.3308,0.2299,0.2203,0.2493,0.4128,0.3158,0.6191,0.5854,0.3395,0.2561,0.5599,0.8145,0.6941,0.6985,0.866,0.593,0.3664,0.675,0.8697,0.7837,0.7552,0.5789,0.4713,0.1252,0.6087,0.7322,0.5977,0.3431,0.1803,0.2378,0.3424,0.2303,0.0689,0.0216,0.0469,0.0426,0.0346,0.0158,0.0154,0.0109,0.0048,0.0095,0.0015,0.0073,0.0067,R
0.0195,0.0213,0.0058,0.019,0.0319,0.0571,0.1004,0.0668,0.0691,0.0242,0.0728,0.0639,0.3002,0.3854,0.4767,0.4602,0.3175,0.416,0.6428,1.0,0.8631,0.5212,0.3156,0.5952,0.7732,0.6042,0.4375,0.5487,0.472,0.6235,0.3851,0.159,0.3891,0.5294,0.3504,0.448,0.4041,0.5031,0.6475,0.5493,0.3548,0.2028,0.1882,0.0845,0.1315,0.159,0.0562,0.0617,0.0343,0.037,0.0261,0.0157,0.0074,0.0271,0.0203,0.0089,0.0095,0.0095,0.0021,0.0053,R
0.0123,0.0022,0.0196,0.0206,0.018,0.0492,0.0033,0.0398,0.0791,0.0475,0.1152,0.052,0.1192,0.1943,0.184,0.2077,0.1956,0.163,0.1218,0.1017,0.1354,0.3157,0.4645,0.5906,0.6776,0.8119,0.8594,0.9228,0.8387,0.7238,0.6292,0.5181,0.4629,0.5255,0.5147,0.3929,0.1279,0.0411,0.0859,0.1131,0.1306,0.1757,0.2648,0.1955,0.0656,0.058,0.0319,0.0301,0.0272,0.0074,0.0149,0.0125,0.0134,0.0026,0.0038,0.0018,0.0113,0.0058,0.0047,0.0071,R
0.0067,0.0096,0.0024,0.0058,0.0197,0.0618,0.0432,0.0951,0.0836,0.118,0.0978,0.0909,0.0656,0.0593,0.0832,0.1297,0.2038,0.3811,0.4451,0.5224,0.5911,0.6566,0.6308,0.5998,0.4958,0.5647,0.6906,0.8513,1.0,0.9166,0.7676,0.6177,0.5468,0.5516,0.5463,0.5515,0.4561,0.3466,0.3384,0.2853,0.2502,0.1641,0.1605,0.1491,0.1326,0.0687,0.0602,0.0561,0.0306,0.0154,0.0029,0.0048,0.0023,0.002,0.004,0.0019,0.0034,0.0034,0.0051,0.0031,R
0.0139,0.0222,0.0089,0.0108,0.0215,0.0136,0.0659,0.0954,0.0786,0.1015,0.1261,0.0828,0.0493,0.0848,0.1514,0.1396,0.1066,0.1923,0.2991,0.3247,0.3797,0.5658,0.7483,0.8757,0.9048,0.7511,0.6858,0.7043,0.5864,0.3773,0.2206,0.2628,0.2672,0.2907,0.1982,0.2288,0.3186,0.2871,0.2921,0.2806,0.2682,0.2112,0.1513,0.1789,0.185,0.1717,0.0898,0.0656,0.0445,0.011,0.0024,0.0062,0.0072,0.0113,0.0012,0.0022,0.0025,0.0059,0.0039,0.0048,R
0.0109,0.0093,0.0121,0.0378,0.0679,0.0863,0.1004,0.0664,0.0941,0.1036,0.0972,0.0501,0.1546,0.3404,0.4804,0.657,0.7738,0.7827,0.8152,0.8129,0.8297,0.8535,0.887,0.8894,0.898,0.9667,1.0,0.9134,0.6762,0.4659,0.2895,0.2959,0.1746,0.2112,0.2569,0.2276,0.2149,0.1601,0.0371,0.0117,0.0488,0.0288,0.0597,0.0431,0.0369,0.0025,0.0327,0.0257,0.0182,0.0108,0.0124,0.0077,0.0023,0.0117,0.0053,0.0077,0.0076,0.0056,0.0055,0.0039,R
0.0253,0.0808,0.0507,0.0244,0.1724,0.3823,0.3729,0.3583,0.3429,0.2197,0.2653,0.3223,0.5582,0.6916,0.7943,0.7152,0.3512,0.2008,0.2676,0.4299,0.528,0.3489,0.143,0.5453,0.6338,0.7712,0.6838,0.8015,0.8073,0.831,0.7792,0.5049,0.1413,0.2767,0.5084,0.4787,0.1356,0.2299,0.2789,0.3833,0.2933,0.1155,0.1705,0.1294,0.0909,0.08,0.0567,0.0198,0.0114,0.0151,0.0085,0.0178,0.0073,0.0079,0.0038,0.0116,0.0033,0.0039,0.0081,0.0053,R
0.0629,0.1065,0.1526,0.1229,0.1437,0.119,0.0884,0.0907,0.2107,0.3597,0.5466,0.5205,0.5127,0.5395,0.6558,0.8705,0.9786,0.9335,0.7917,0.7383,0.6908,0.385,0.0671,0.0502,0.2717,0.2839,0.2234,0.1911,0.0408,0.2531,0.1979,0.1891,0.2433,0.1956,0.2667,0.134,0.1073,0.2023,0.1794,0.0227,0.1313,0.1775,0.1549,0.1626,0.0708,0.0129,0.0795,0.0762,0.0117,0.0061,0.0257,0.0089,0.0262,0.0108,0.0138,0.0187,0.023,0.0057,0.0113,0.0131,M
0.0162,0.0253,0.0262,0.0386,0.0645,0.0472,0.1056,0.1388,0.0598,0.1334,0.2969,0.4754,0.5677,0.569,0.6421,0.7487,0.8999,1.0,0.969,0.9032,0.7685,0.6998,0.6644,0.5964,0.3711,0.0921,0.0481,0.0876,0.104,0.1714,0.3264,0.4612,0.3939,0.505,0.4833,0.3511,0.2319,0.4029,0.3676,0.151,0.0745,0.1395,0.1552,0.0377,0.0636,0.0443,0.0264,0.0223,0.0187,0.0077,0.0137,0.0071,0.0082,0.0232,0.0198,0.0074,0.0035,0.01,0.0048,0.0019,M
0.0414,0.0436,0.0447,0.0844,0.0419,0.1215,0.2002,0.1516,0.0818,0.1975,0.2309,0.3025,0.3938,0.505,0.5872,0.661,0.7417,0.8006,0.8456,0.7939,0.8804,0.8384,0.7852,0.8479,0.7434,0.6433,0.5514,0.3519,0.3168,0.3346,0.2056,0.1032,0.3168,0.404,0.4282,0.4538,0.3704,0.3741,0.3839,0.3494,0.438,0.4265,0.2854,0.2808,0.2395,0.0369,0.0805,0.0541,0.0177,0.0065,0.0222,0.0045,0.0136,0.0113,0.0053,0.0165,0.0141,0.0077,0.0246,0.0198,M
0.0261,0.0266,0.0223,0.0749,0.1364,0.1513,0.1316,0.1654,0.1864,0.2013,0.289,0.365,0.351,0.3495,0.4325,0.5398,0.6237,0.6876,0.7329,0.8107,0.8396,0.8632,0.8747,0.9607,0.9716,0.9121,0.8576,0.8798,0.772,0.5711,0.4264,0.286,0.3114,0.2066,0.1165,0.0185,0.1302,0.248,0.1637,0.1103,0.2144,0.2033,0.1887,0.137,0.1376,0.0307,0.0373,0.0606,0.0399,0.0169,0.0135,0.0222,0.0175,0.0127,0.0022,0.0124,0.0054,0.0021,0.0028,0.0023,M
0.0654,0.0649,0.0737,0.1132,0.2482,0.1257,0.1797,0.0989,0.246,0.3422,0.2128,0.1377,0.4032,0.5684,0.2398,0.4331,0.5954,0.5772,0.8176,0.8835,0.5248,0.6373,0.8375,0.6699,0.7756,0.875,0.83,0.6896,0.3372,0.6405,0.7138,0.8202,0.6657,0.5254,0.296,0.0704,0.097,0.3941,0.6028,0.3521,0.3924,0.4808,0.4602,0.4164,0.5438,0.5649,0.3195,0.2484,0.1299,0.0825,0.0243,0.021,0.0361,0.0239,0.0447,0.0394,0.0355,0.044,0.0243,0.0098,M
0.0117,0.0069,0.0279,0.0583,0.0915,0.1267,0.1577,0.1927,0.2361,0.2169,0.118,0.0754,0.2782,0.3758,0.5093,0.6592,0.7071,0.7532,0.8357,0.8593,0.9615,0.9838,0.8705,0.6403,0.5067,0.5395,0.6934,0.8487,0.8213,0.5962,0.295,0.2758,0.2885,0.1893,0.1446,0.0955,0.0888,0.0836,0.0894,0.1547,0.2318,0.2225,0.1035,0.1721,0.2017,0.1787,0.1112,0.0398,0.0305,0.0084,0.0039,0.0053,0.0029,0.002,0.0013,0.0029,0.002,0.0062,0.0026,0.0052,M
0.0217,0.0152,0.0346,0.0346,0.0484,0.0526,0.0773,0.0862,0.1451,0.211,0.2343,0.2087,0.1645,0.1689,0.165,0.1967,0.2934,0.3709,0.4309,0.4161,0.5116,0.6501,0.7717,0.8491,0.9104,0.8912,0.8189,0.6779,0.5368,0.5207,0.5651,0.5749,0.525,0.4255,0.333,0.2331,0.1451,0.1648,0.2694,0.373,0.4467,0.4133,0.3743,0.3021,0.2069,0.179,0.1689,0.1341,0.0769,0.0222,0.0205,0.0123,0.0067,0.0011,0.0026,0.0049,0.0029,0.0022,0.0022,0.0032,M
0.031,0.0221,0.0433,0.0191,0.0964,0.1827,0.1106,0.1702,0.2804,0.4432,0.5222,0.5611,0.5379,0.4048,0.2245,0.1784,0.2297,0.272,0.5209,0.6898,0.8202,0.878,0.76,0.7616,0.7152,0.7288,0.8686,0.9509,0.8348,0.573,0.4363,0.4289,0.424,0.3156,0.1287,0.1477,0.2062,0.24,0.5173,0.5168,0.1491,0.2407,0.3415,0.4494,0.4624,0.2001,0.0775,0.1232,0.0783,0.0089,0.0249,0.0204,0.0059,0.0053,0.0079,0.0037,0.0015,0.0056,0.0067,0.0054,M
0.0095,0.0308,0.0539,0.0411,0.0613,0.1039,0.1016,0.1394,0.2592,0.3745,0.4229,0.4499,0.5404,0.4303,0.3333,0.3496,0.3426,0.2851,0.4062,0.6833,0.765,0.667,0.5703,0.5995,0.6484,0.8614,0.9819,0.938,0.8435,0.6074,0.5403,0.689,0.5977,0.3244,0.0516,0.3157,0.359,0.3881,0.5716,0.4314,0.3051,0.4393,0.4302,0.4831,0.5084,0.1952,0.1539,0.2037,0.1054,0.0251,0.0357,0.0181,0.0019,0.0102,0.0133,0.004,0.0042,0.003,0.0031,0.0033,M
0.0368,0.0279,0.0103,0.0566,0.0759,0.0679,0.097,0.1473,0.2164,0.2544,0.2936,0.2935,0.2657,0.3187,0.2794,0.2534,0.198,0.1929,0.2826,0.3245,0.3504,0.3324,0.4217,0.4774,0.4808,0.6325,0.8334,0.9458,1.0,0.8425,0.5524,0.4795,0.52,0.3968,0.194,0.1519,0.201,0.1736,0.1029,0.2244,0.3717,0.4449,0.3939,0.203,0.201,0.2187,0.184,0.1477,0.0971,0.0224,0.0151,0.0105,0.0024,0.0018,0.0057,0.0092,9.0E-4,0.0086,0.011,0.0052,M
0.005,0.0017,0.027,0.045,0.0958,0.083,0.0879,0.122,0.1977,0.2282,0.2521,0.3484,0.3309,0.2614,0.1782,0.2055,0.2298,0.3545,0.6218,0.7265,0.8346,0.8268,0.8366,0.9408,0.951,0.9801,0.9974,1.0,0.9036,0.6409,0.3857,0.2908,0.204,0.1653,0.1769,0.114,0.074,0.0941,0.0621,0.0426,0.0572,0.1068,0.1909,0.2229,0.2203,0.2265,0.1766,0.1097,0.0558,0.0142,0.0281,0.0165,0.0056,0.001,0.0027,0.0062,0.0024,0.0063,0.0017,0.0028,M
