@relation .a/sonar/sonar
@attribute 0.0200 real [0.0015, 0.1371]
@attribute 0.0371 real [6.0E-4, 0.2339]
@attribute 0.0428 real [0.0015, 0.3059]
@attribute 0.0207 real [0.0058, 0.4264]
@attribute 0.0954 real [0.0067, 0.401]
@attribute 0.0986 real [0.0102, 0.3823]
@attribute 0.1539 real [0.0033, 0.3729]
@attribute 0.1601 real [0.0055, 0.459]
@attribute 0.3109 real [0.0075, 0.6828]
@attribute 0.2111 real [0.0113, 0.7106]
@attribute 0.1609 real [0.0289, 0.7342]
@attribute 0.1582 real [0.0236, 0.706]
@attribute 0.2238 real [0.0184, 0.7131]
@attribute 0.0645 real [0.0273, 0.997]
@attribute 0.0660 real [0.0031, 1.0]
@attribute 0.2273 real [0.0162, 0.9988]
@attribute 0.3100 real [0.0349, 1.0]
@attribute 0.2999 real [0.0375, 1.0]
@attribute 0.5078 real [0.0494, 1.0]
@attribute 0.4797 real [0.0656, 1.0]
@attribute 0.5783 real [0.0512, 1.0]
@attribute 0.5071 real [0.0219, 1.0]
@attribute 0.4328 real [0.0563, 1.0]
@attribute 0.5550 real [0.0239, 1.0]
@attribute 0.6711 real [0.024, 1.0]
@attribute 0.6415 real [0.0921, 1.0]
@attribute 0.7104 real [0.0481, 1.0]
@attribute 0.8080 real [0.0284, 1.0]
@attribute 0.6791 real [0.0144, 1.0]
@attribute 0.3857 real [0.0613, 1.0]
@attribute 0.1307 real [0.0482, 0.9657]
@attribute 0.2604 real [0.0404, 0.9306]
@attribute 0.5121 real [0.0477, 1.0]
@attribute 0.7547 real [0.0212, 0.9647]
@attribute 0.8537 real [0.0223, 1.0]
@attribute 0.8507 real [0.008, 1.0]
@attribute 0.6692 real [0.0351, 0.9497]
@attribute 0.6097 real [0.0383, 1.0]
@attribute 0.4943 real [0.0371, 0.9857]
@attribute 0.2744 real [0.0117, 0.9297]
@attribute 0.0510 real [0.036, 0.8995]
@attribute 0.2834 real [0.0056, 0.8246]
@attribute 0.2825 real [0.0, 0.7733]
@attribute 0.4256 real [0.0, 0.7762]
@attribute 0.2641 real [0.0, 0.7034]
@attribute 0.1386 real [0.0, 0.7292]
@attribute 0.1051 real [0.0, 0.5522]
@attribute 0.1343 real [0.0, 0.3339]
@attribute 0.0383 real [0.0, 0.1981]
@attribute 0.0324 real [0.0, 0.0825]
@attribute 0.0232 real [0.0, 0.1004]
@attribute 0.0027 real [8.0E-4, 0.0709]
@attribute 0.0065 real [5.0E-4, 0.039]
@attribute 0.0159 real [0.001, 0.0352]
@attribute 0.0072 real [6.0E-4, 0.0447]
@attribute 0.0167 real [4.0E-4, 0.0394]
@attribute 0.0180 real [3.0E-4, 0.0355]
@attribute 0.0084 real [3.0E-4, 0.044]
@attribute 0.0090 real [1.0E-4, 0.0364]
@attribute 0.0032 real [6.0E-4, 0.0439]
@attribute R {R, M}
@data
0.0123,0.0309,0.0169,0.0313,0.0358,0.0102,0.0182,0.0579,0.1122,0.0835,0.0548,0.0847,0.2026,0.2557,0.187,0.2032,0.1463,0.2849,0.5824,0.7728,0.7852,0.8515,0.5312,0.3653,0.5973,0.8275,1.0,0.8673,0.6301,0.4591,0.394,0.2576,0.2817,0.2641,0.2757,0.2698,0.3994,0.4576,0.394,0.2522,0.1782,0.1354,0.0516,0.0337,0.0894,0.0861,0.0872,0.0445,0.0134,0.0217,0.0188,0.0133,0.0265,0.0224,0.0074,0.0118,0.0026,0.0092,9.0E-4,0.0044,R
0.0126,0.0149,0.0641,0.1732,0.2565,0.2559,0.2947,0.411,0.4983,0.592,0.5832,0.5419,0.5472,0.5314,0.4981,0.6985,0.8292,0.7839,0.8215,0.9363,1.0,0.9224,0.7839,0.547,0.4562,0.5922,0.5448,0.3971,0.0882,0.2385,0.2005,0.0587,0.2544,0.2009,0.0329,0.1547,0.1212,0.2446,0.3171,0.3195,0.3051,0.0836,0.1266,0.1381,0.1136,0.0516,0.0073,0.0278,0.0372,0.0121,0.0153,0.0092,0.0035,0.0098,0.0121,6.0E-4,0.0181,0.0094,0.0116,0.0063,R
0.0084,0.0153,0.0291,0.0432,0.0951,0.0752,0.0414,0.0259,0.0692,0.1753,0.197,0.1167,0.1683,0.0814,0.2179,0.5121,0.7231,0.7776,0.6222,0.3501,0.3733,0.2622,0.3776,0.7361,0.8673,0.8223,0.7772,0.7862,0.5652,0.3635,0.3534,0.3865,0.337,0.1693,0.2627,0.3195,0.1388,0.1048,0.1681,0.191,0.1174,0.0933,0.0856,0.0951,0.0986,0.0956,0.0426,0.0407,0.0106,0.0179,0.0056,0.0236,0.0114,0.0136,0.0117,0.006,0.0058,0.0031,0.0072,0.0045,R
0.0442,0.0477,0.0049,0.0581,0.0278,0.0678,0.1664,0.149,0.0974,0.1268,0.1109,0.2375,0.2007,0.214,0.1109,0.2036,0.2468,0.6682,0.8345,0.8252,0.8017,0.8982,0.9664,0.8515,0.6626,0.3241,0.2054,0.5669,0.5726,0.4877,0.7532,0.76,0.5185,0.412,0.556,0.5569,0.1336,0.3831,0.4611,0.433,0.2556,0.1466,0.3489,0.2659,0.0944,0.137,0.1344,0.0416,0.0719,0.0637,0.021,0.0204,0.0216,0.0135,0.0055,0.0073,0.008,0.0105,0.0059,0.0105,R
0.0216,0.0124,0.0174,0.0152,0.0608,0.1026,0.1139,0.0877,0.116,0.0866,0.1564,0.078,0.0997,0.0915,0.0662,0.1134,0.174,0.2573,0.3294,0.391,0.5438,0.6115,0.7022,0.761,0.7973,0.9105,0.8807,0.7949,0.799,0.718,0.6407,0.6312,0.5929,0.6168,0.6498,0.6764,0.6253,0.5117,0.389,0.3273,0.2509,0.153,0.1323,0.1657,0.1215,0.0978,0.0452,0.0273,0.0179,0.0092,0.0018,0.0052,0.0049,0.0096,0.0134,0.0122,0.0047,0.0018,6.0E-4,0.0023,R
0.01,0.0194,0.0155,0.0489,0.0839,0.1009,0.1627,0.2071,0.2696,0.299,0.3242,0.3565,0.3951,0.5201,0.6953,0.8468,1.0,0.9278,0.851,0.801,0.8142,0.8825,0.7302,0.6107,0.7159,0.8458,0.6319,0.4808,0.6291,0.7152,0.6005,0.4235,0.4106,0.3992,0.173,0.1975,0.237,0.1339,0.1583,0.3151,0.1968,0.2054,0.1272,0.1129,0.1946,0.2195,0.193,0.1498,0.0773,0.0196,0.0122,0.013,0.0073,0.0077,0.0075,0.006,0.008,0.0019,0.0053,0.0019,R
0.0409,0.0421,0.0573,0.013,0.0183,0.1019,0.1054,0.107,0.2302,0.2259,0.2373,0.3323,0.3827,0.484,0.6812,0.7555,0.9522,0.9826,0.8871,0.8268,0.7561,0.8217,0.6967,0.6444,0.6948,0.8014,0.6053,0.6084,0.8877,0.8557,0.5563,0.2897,0.3638,0.4786,0.2908,0.0899,0.2043,0.1707,0.0407,0.1286,0.1581,0.2191,0.1701,0.0971,0.2217,0.2732,0.1874,0.1062,0.0665,0.0405,0.0113,0.0028,0.0036,0.0105,0.012,0.0087,0.0061,0.0061,0.003,0.0078,R
0.0856,0.0454,0.0382,0.0203,0.0385,0.0534,0.214,0.311,0.2837,0.2751,0.2707,0.0946,0.102,0.4519,0.6737,0.6699,0.7066,0.5632,0.3785,0.2721,0.5297,0.7697,0.8643,0.9304,0.9372,0.6247,0.6024,0.681,0.5047,0.5775,0.4754,0.24,0.2779,0.1997,0.5305,0.7409,0.7775,0.4424,0.1416,0.3508,0.4482,0.4208,0.3054,0.2235,0.2611,0.2798,0.2392,0.2021,0.1326,0.0358,0.0128,0.0172,0.0138,0.0079,0.0037,0.0051,0.0258,0.0102,0.0037,0.0037,R
0.0025,0.0309,0.0171,0.0228,0.0434,0.1224,0.1947,0.1661,0.1368,0.143,0.0994,0.225,0.2444,0.3239,0.3039,0.241,0.0367,0.1672,0.3038,0.4069,0.3613,0.1994,0.4611,0.6849,0.7272,0.7152,0.7102,0.8516,1.0,0.769,0.4841,0.3717,0.6096,0.511,0.2586,0.0916,0.0947,0.2287,0.348,0.2095,0.1901,0.2941,0.2211,0.1524,0.0746,0.0606,0.0692,0.0446,0.0344,0.0082,0.0108,0.0149,0.0077,0.0036,0.0114,0.0085,0.0101,0.0016,0.0028,0.0014,R
0.0283,0.0599,0.0656,0.0229,0.0839,0.1673,0.1154,0.1098,0.137,0.1767,0.1995,0.2869,0.3275,0.3769,0.4169,0.5036,0.618,0.8025,0.9333,0.9399,0.9275,0.945,0.8328,0.7773,0.7007,0.6154,0.581,0.4454,0.3707,0.2891,0.2185,0.1711,0.3578,0.3947,0.2867,0.2401,0.3619,0.3314,0.3763,0.4767,0.4059,0.3661,0.232,0.145,0.1017,0.1111,0.0655,0.0271,0.0244,0.0179,0.0109,0.0147,0.017,0.0158,0.0046,0.0073,0.0054,0.0033,0.0045,0.0079,M
0.0363,0.0478,0.0298,0.021,0.1409,0.1916,0.1349,0.1613,0.1703,0.1444,0.1989,0.2154,0.2863,0.357,0.398,0.4359,0.5334,0.6304,0.6995,0.7435,0.8379,0.8641,0.9014,0.9432,0.9536,1.0,0.9547,0.9745,0.8962,0.7196,0.5462,0.3156,0.2525,0.1969,0.2189,0.1533,0.0711,0.1498,0.1755,0.2276,0.1322,0.1056,0.1973,0.1692,0.1881,0.1177,0.0779,0.0495,0.0492,0.0194,0.025,0.0115,0.019,0.0055,0.0096,0.005,0.0066,0.0114,0.0073,0.0033,M
0.0249,0.0119,0.0277,0.076,0.1218,0.1538,0.1192,0.1229,0.2119,0.2531,0.2855,0.2961,0.3341,0.4287,0.5205,0.6087,0.7236,0.7577,0.7726,0.8098,0.8995,0.9247,0.9365,0.9853,0.9776,1.0,0.9896,0.9076,0.7306,0.5758,0.4469,0.3719,0.2079,0.0955,0.0488,0.1406,0.2554,0.2054,0.1614,0.2232,0.1773,0.2293,0.2521,0.1464,0.0673,0.0965,0.1492,0.1128,0.0463,0.0193,0.014,0.0027,0.0068,0.015,0.0012,0.0133,0.0048,0.0244,0.0077,0.0074,M
0.0072,0.0027,0.0089,0.0061,0.042,0.0865,0.1182,0.0999,0.1976,0.2318,0.2472,0.288,0.2126,0.0708,0.1194,0.2808,0.4221,0.5279,0.5857,0.6153,0.6753,0.7873,0.8974,0.9828,1.0,0.846,0.6055,0.3036,0.0144,0.2526,0.4335,0.4918,0.5409,0.5961,0.5248,0.3777,0.2369,0.172,0.1878,0.325,0.2575,0.2423,0.2706,0.2323,0.1724,0.1457,0.1175,0.0868,0.0392,0.0131,0.0092,0.0078,0.0071,0.0081,0.0034,0.0064,0.0037,0.0036,0.0012,0.0037,M
0.0411,0.0277,0.0604,0.0525,0.0489,0.0385,0.0611,0.1117,0.1237,0.23,0.137,0.1335,0.2137,0.1526,0.0775,0.1196,0.0903,0.0689,0.2071,0.2975,0.2836,0.3353,0.3622,0.3202,0.3452,0.3562,0.3892,0.6622,0.9254,1.0,0.8528,0.6297,0.525,0.4012,0.2901,0.2007,0.3356,0.4799,0.6147,0.6246,0.4973,0.3492,0.2662,0.3137,0.4282,0.4262,0.3511,0.2458,0.1259,0.0327,0.0181,0.0217,0.0038,0.0019,0.0065,0.0132,0.0108,0.005,0.0085,0.0044,M
0.0179,0.0136,0.0408,0.0633,0.0596,0.0808,0.209,0.3465,0.5276,0.5965,0.6254,0.4507,0.3693,0.2864,0.1635,0.0422,0.1785,0.4394,0.695,0.8097,0.855,0.8717,0.8601,0.9201,0.8729,0.8084,0.8694,0.8411,0.5793,0.3754,0.3485,0.4639,0.6495,0.6901,0.5666,0.5188,0.506,0.3885,0.3762,0.3738,0.2605,0.1591,0.1875,0.2267,0.1577,0.1211,0.0883,0.085,0.0355,0.0219,0.0086,0.0123,0.006,0.0187,0.0111,0.0126,0.0081,0.0155,0.016,0.0085,M
0.0394,0.042,0.0446,0.0551,0.0597,0.1416,0.0956,0.0802,0.1618,0.2558,0.3078,0.3404,0.34,0.3951,0.3352,0.2252,0.2086,0.2248,0.3382,0.4578,0.6474,0.6708,0.7007,0.7619,0.7745,0.6767,0.7373,0.7834,0.9619,1.0,0.8086,0.5558,0.5409,0.4988,0.3108,0.2897,0.2244,0.096,0.2287,0.3228,0.3454,0.3882,0.324,0.0926,0.1173,0.0566,0.0766,0.0969,0.0588,0.005,0.0118,0.0146,0.004,0.0114,0.0032,0.0062,0.0101,0.0068,0.0053,0.0087,M
0.0089,0.0274,0.0248,0.0237,0.0224,0.0845,0.1488,0.1224,0.1569,0.2119,0.3003,0.3094,0.2743,0.2547,0.187,0.1452,0.1457,0.2429,0.3259,0.3679,0.3355,0.31,0.3914,0.528,0.6409,0.7707,0.8754,1.0,0.9806,0.6969,0.4973,0.502,0.5359,0.3842,0.1848,0.1149,0.157,0.1311,0.1583,0.2631,0.3103,0.4512,0.3785,0.1269,0.1459,0.1092,0.1485,0.1385,0.0716,0.0176,0.0199,0.0096,0.0103,0.0093,0.0025,0.0044,0.0021,0.0069,0.006,0.0018,M
0.0315,0.0252,0.0167,0.0479,0.0902,0.1057,0.1024,0.1209,0.1241,0.1533,0.2128,0.2536,0.2686,0.2803,0.1886,0.1485,0.216,0.2417,0.2989,0.3341,0.3786,0.3956,0.5232,0.6913,0.7868,0.8337,0.9199,1.0,0.899,0.6456,0.5967,0.4355,0.2997,0.2294,0.1866,0.0922,0.1829,0.1743,0.2452,0.2407,0.2518,0.3184,0.1685,0.0675,0.1186,0.1833,0.1878,0.1114,0.031,0.0143,0.0138,0.0108,0.0062,0.0044,0.0072,7.0E-4,0.0054,0.0035,1.0E-4,0.0055,M
0.0116,0.0744,0.0367,0.0225,0.0076,0.0545,0.111,0.1069,0.1708,0.2271,0.3171,0.2882,0.2657,0.2307,0.1889,0.1791,0.2298,0.3715,0.6223,0.726,0.7934,0.8045,0.8067,0.9173,0.9327,0.9562,1.0,0.9818,0.8684,0.6381,0.3997,0.3242,0.2835,0.2413,0.2321,0.126,0.0693,0.0701,0.1439,0.1475,0.0438,0.0469,0.1476,0.1742,0.1555,0.1651,0.1181,0.072,0.0321,0.0056,0.0202,0.0141,0.0103,0.01,0.0034,0.0026,0.0037,0.0044,0.0057,0.0035,M
0.0323,0.0101,0.0298,0.0564,0.076,0.0958,0.099,0.1018,0.103,0.2154,0.3085,0.3425,0.299,0.1402,0.1235,0.1534,0.1901,0.2429,0.212,0.2395,0.3272,0.5949,0.8302,0.9045,0.9888,0.9912,0.9448,1.0,0.9092,0.7412,0.7691,0.7117,0.5304,0.2131,0.0928,0.1297,0.1159,0.1226,0.1768,0.0345,0.1562,0.0824,0.1149,0.1694,0.0954,0.008,0.079,0.1255,0.0647,0.0179,0.0051,0.0061,0.0093,0.0135,0.0063,0.0063,0.0034,0.0032,0.0062,0.0067,M
